#1

double driveCycleData(1800,7)
1	0	1	1	1	1	1
2	0	2	2	2	2	2
3	0	3	3	3	3	3
4	0	4	4	4	4	4
5	0	5	5	5	5	5
6	0	6	6	6	6	6
7	0	7	7	7	7	7
8	0	8	8	8	8	8
9	0	9	9	9	9	9
10	0	10	10	10	10	10
11	0	11	11	11	11	11
12	0.200000016	12	12	12	12	12
13	1.69999992	13	13	13	13	13
14	5.4	14	14	14	14	14
15	9.9	15	15	15	15	15
16	13.1000004	16	16	16	16	16
17	16.8999984	17	17	17	17	17
18	21.7000008	18	18	18	18	18
19	25.9999992	19	19	19	19	19
20	27.5000004	20	20	20	20	20
21	28.1000016	21	21	21	21	21
22	28.2999996	22	22	22	22	22
23	28.8	23	23	23	23	23
24	29.0999988	24	24	24	24	24
25	30.8000016	25	25	25	25	25
26	31.8999996	26	26	26	26	26
27	34.0999992	27	27	27	27	27
28	36.600012	28	28	28	28	28
29	39.099996	29	29	29	29	29
30	41.299992	30	30	30	30	30
31	42.500016	31	31	31	31	31
32	43.300008	32	32	32	32	32
33	43.899984	33	33	33	33	33
34	44.399988	34	34	34	34	34
35	44.499996	35	35	35	35	35
36	44.200008	36	36	36	36	36
37	42.699996	37	37	37	37	37
38	39.899988	38	38	38	38	38
39	37.000008	39	39	39	39	39
40	34.5999996	40	40	40	40	40
41	32.2999992	41	41	41	41	41
42	29.0000016	42	42	42	42	42
43	25.0999992	43	43	43	43	43
44	22.2000012	44	44	44	44	44
45	20.9000016	45	45	45	45	45
46	20.4000012	46	46	46	46	46
47	19.5000012	47	47	47	47	47
48	18.3999996	48	48	48	48	48
49	17.7999984	49	49	49	49	49
50	17.7999984	50	50	50	50	50
51	17.3999988	51	51	51	51	51
52	15.6999996	52	52	52	52	52
53	13.1000004	53	53	53	53	53
54	12.0999996	54	54	54	54	54
55	11.9999988	55	55	55	55	55
56	11.9999988	56	56	56	56	56
57	11.9999988	57	57	57	57	57
58	12.3000012	58	58	58	58	58
59	12.6	59	59	59	59	59
60	14.6999988	60	60	60	60	60
61	15.3	61	61	61	61	61
62	15.9000012	62	62	62	62	62
63	16.2	63	63	63	63	63
64	17.1	64	64	64	64	64
65	17.7999984	65	65	65	65	65
66	18.1000008	66	66	66	66	66
67	18.3999996	67	67	67	67	67
68	20.3000004	68	68	68	68	68
69	23.1999984	69	69	69	69	69
70	26.4999996	70	70	70	70	70
71	29.8000008	71	71	71	71	71
72	32.6000016	72	72	72	72	72
73	34.4000016	73	73	73	73	73
74	35.4999996	74	74	74	74	74
75	36.399996	75	75	75	75	75
76	37.400004	76	76	76	76	76
77	38.499984	77	77	77	77	77
78	39.300012	78	78	78	78	78
79	39.499992	79	79	79	79	79
80	38.999988	80	80	80	80	80
81	38.499984	81	81	81	81	81
82	37.299996	82	82	82	82	82
83	37.000008	83	83	83	83	83
84	36.699984	84	84	84	84	84
85	35.8999992	85	85	85	85	85
86	35.3000016	86	86	86	86	86
87	34.5999996	87	87	87	87	87
88	34.2	88	88	88	88	88
89	31.8999996	89	89	89	89	89
90	27.2999988	90	90	90	90	90
91	21.9999996	91	91	91	91	91
92	16.9999992	92	92	92	92	92
93	14.1999984	93	93	93	93	93
94	11.9999988	94	94	94	94	94
95	9.1000008	95	95	95	95	95
96	5.7999996	96	96	96	96	96
97	3.6	97	97	97	97	97
98	2.19999996	98	98	98	98	98
99	0	99	99	99	99	99
100	0	100	100	100	100	100
101	0	101	101	101	101	101
102	0	102	102	102	102	102
103	0	103	103	103	103	103
104	0	104	104	104	104	104
105	0	105	105	105	105	105
106	0	106	106	106	106	106
107	0	107	107	107	107	107
108	0	108	108	108	108	108
109	0	109	109	109	109	109
110	0	110	110	110	110	110
111	0	111	111	111	111	111
112	0	112	112	112	112	112
113	0	113	113	113	113	113
114	0	114	114	114	114	114
115	0	115	115	115	115	115
116	0	116	116	116	116	116
117	0	117	117	117	117	117
118	0	118	118	118	118	118
119	0	119	119	119	119	119
120	0	120	120	120	120	120
121	0	121	121	121	121	121
122	0	122	122	122	122	122
123	0	123	123	123	123	123
124	0	124	124	124	124	124
125	0	125	125	125	125	125
126	0	126	126	126	126	126
127	0	127	127	127	127	127
128	0	128	128	128	128	128
129	0	129	129	129	129	129
130	0	130	130	130	130	130
131	0	131	131	131	131	131
132	0	132	132	132	132	132
133	0	133	133	133	133	133
134	0	134	134	134	134	134
135	0	135	135	135	135	135
136	0	136	136	136	136	136
137	0	137	137	137	137	137
138	0.200000016	138	138	138	138	138
139	1.90000008	139	139	139	139	139
140	6.0999984	140	140	140	140	140
141	11.7	141	141	141	141	141
142	16.4000016	142	142	142	142	142
143	18.9	143	143	143	143	143
144	19.9000008	144	144	144	144	144
145	20.8000008	145	145	145	145	145
146	22.7999988	146	146	146	146	146
147	25.4000016	147	147	147	147	147
148	27.6999984	148	148	148	148	148
149	29.1999996	149	149	149	149	149
150	29.8000008	150	150	150	150	150
151	29.4000012	151	151	151	151	151
152	27.2000016	152	152	152	152	152
153	22.6000008	153	153	153	153	153
154	17.3000016	154	154	154	154	154
155	13.2999984	155	155	155	155	155
156	11.9999988	156	156	156	156	156
157	12.6	157	157	157	157	157
158	14.1000012	158	158	158	158	158
159	17.2000008	159	159	159	159	159
160	20.0999988	160	160	160	160	160
161	23.4	161	161	161	161	161
162	25.4999988	162	162	162	162	162
163	27.6000012	163	163	163	163	163
164	29.4999984	164	164	164	164	164
165	31.1000004	165	165	165	165	165
166	32.1000012	166	166	166	166	166
167	33.1999992	167	167	167	167	167
168	35.2000008	168	168	168	168	168
169	37.199988	169	169	169	169	169
170	38.000016	170	170	170	170	170
171	37.400004	171	171	171	171	171
172	35.1	172	172	172	172	172
173	30.9999996	173	173	173	173	173
174	27.1000008	174	174	174	174	174
175	25.3000008	175	175	175	175	175
176	25.0999992	176	176	176	176	176
177	25.8999984	177	177	177	177	177
178	27.7999992	178	178	178	178	178
179	29.1999996	179	179	179	179	179
180	29.5999992	180	180	180	180	180
181	29.4999984	181	181	181	181	181
182	29.1999996	182	182	182	182	182
183	28.2999996	183	183	183	183	183
184	26.1	184	184	184	184	184
185	23.6000016	185	185	185	185	185
186	20.9999988	186	186	186	186	186
187	18.9	187	187	187	187	187
188	17.1	188	188	188	188	188
189	15.6999996	189	189	189	189	189
190	14.5000008	190	190	190	190	190
191	13.7000016	191	191	191	191	191
192	12.8999988	192	192	192	192	192
193	12.4999992	193	193	193	193	193
194	12.2000004	194	194	194	194	194
195	11.9999988	195	195	195	195	195
196	11.9999988	196	196	196	196	196
197	11.9999988	197	197	197	197	197
198	11.9999988	198	198	198	198	198
199	12.4999992	199	199	199	199	199
200	12.9999996	200	200	200	200	200
201	14.0000004	201	201	201	201	201
202	15.0000012	202	202	202	202	202
203	16.4999988	203	203	203	203	203
204	19.0000008	204	204	204	204	204
205	21.2000004	205	205	205	205	205
206	23.7999996	206	206	206	206	206
207	26.8999992	207	207	207	207	207
208	29.5999992	208	208	208	208	208
209	32.0000004	209	209	209	209	209
210	35.2000008	210	210	210	210	210
211	37.500012	211	211	211	211	211
212	39.200004	212	212	212	212	212
213	40.5	213	213	213	213	213
214	41.600016	214	214	214	214	214
215	43.099992	215	215	215	215	215
216	45	216	216	216	216	216
217	47.099988	217	217	217	217	217
218	48.999996	218	218	218	218	218
219	50.600016	219	219	219	219	219
220	51.800004	220	220	220	220	220
221	52.700004	221	221	221	221	221
222	53.1	222	222	222	222	222
223	53.499996	223	223	223	223	223
224	53.799984	224	224	224	224	224
225	54.200016	225	225	225	225	225
226	54.799992	226	226	226	226	226
227	55.299996	227	227	227	227	227
228	55.8	228	228	228	228	228
229	56.199996	229	229	229	229	229
230	56.499984	230	230	230	230	230
231	56.499984	231	231	231	231	231
232	56.199996	232	232	232	232	232
233	54.9	233	233	233	233	233
234	52.899984	234	234	234	234	234
235	51.000012	235	235	235	235	235
236	49.799988	236	236	236	236	236
237	49.200012	237	237	237	237	237
238	48.399984	238	238	238	238	238
239	46.900008	239	239	239	239	239
240	44.300016	240	240	240	240	240
241	41.500008	241	241	241	241	241
242	39.499992	242	242	242	242	242
243	37.000008	243	243	243	243	243
244	34.5999996	244	244	244	244	244
245	32.2999992	245	245	245	245	245
246	29.0000016	246	246	246	246	246
247	25.0999992	247	247	247	247	247
248	22.2000012	248	248	248	248	248
249	20.9000016	249	249	249	249	249
250	20.4000012	250	250	250	250	250
251	19.5000012	251	251	251	251	251
252	18.3999996	252	252	252	252	252
253	17.7999984	253	253	253	253	253
254	17.7999984	254	254	254	254	254
255	17.3999988	255	255	255	255	255
256	15.6999996	256	256	256	256	256
257	14.5000008	257	257	257	257	257
258	15.4000008	258	258	258	258	258
259	17.8999992	259	259	259	259	259
260	20.5999992	260	260	260	260	260
261	23.1999984	261	261	261	261	261
262	25.7000004	262	262	262	262	262
263	28.6999992	263	263	263	263	263
264	32.5000008	264	264	264	264	264
265	36.100008	265	265	265	265	265
266	38.999988	266	266	266	266	266
267	40.799988	267	267	267	267	267
268	42.900012	268	268	268	268	268
269	44.399988	269	269	269	269	269
270	45.9	270	270	270	270	270
271	46.000008	271	271	271	271	271
272	45.600012	272	272	272	272	272
273	45.299988	273	273	273	273	273
274	43.700004	274	274	274	274	274
275	40.799988	275	275	275	275	275
276	38.000016	276	276	276	276	276
277	34.4000016	277	277	277	277	277
278	30.8999988	278	278	278	278	278
279	25.4999988	279	279	279	279	279
280	21.3999984	280	280	280	280	280
281	20.1999996	281	281	281	281	281
282	22.8999996	282	282	282	282	282
283	26.6000004	283	283	283	283	283
284	30.2000004	284	284	284	284	284
285	34.0999992	285	285	285	285	285
286	37.400004	286	286	286	286	286
287	40.700016	287	287	287	287	287
288	43.999992	288	288	288	288	288
289	47.300004	289	289	289	289	289
290	49.200012	290	290	290	290	290
291	49.799988	291	291	291	291	291
292	49.200012	292	292	292	292	292
293	48.099996	293	293	293	293	293
294	47.300004	294	294	294	294	294
295	46.8	295	295	295	295	295
296	46.699992	296	296	296	296	296
297	46.8	297	297	297	297	297
298	47.099988	298	298	298	298	298
299	47.300004	299	299	299	299	299
300	47.300004	300	300	300	300	300
301	47.099988	301	301	301	301	301
302	46.599984	302	302	302	302	302
303	45.799992	303	303	303	303	303
304	44.799984	304	304	304	304	304
305	43.300008	305	305	305	305	305
306	41.799996	306	306	306	306	306
307	40.799988	307	307	307	307	307
308	40.299984	308	308	308	308	308
309	40.100004	309	309	309	309	309
310	39.700008	310	310	310	310	310
311	39.200004	311	311	311	311	311
312	38.499984	312	312	312	312	312
313	37.400004	313	313	313	313	313
314	36	314	314	314	314	314
315	34.4000016	315	315	315	315	315
316	33.0000012	316	316	316	316	316
317	31.7000016	317	317	317	317	317
318	29.9999988	318	318	318	318	318
319	28.0000008	319	319	319	319	319
320	26.1	320	320	320	320	320
321	25.5999996	321	321	321	321	321
322	24.9000012	322	322	322	322	322
323	24.9000012	323	323	323	323	323
324	24.3	324	324	324	324	324
325	23.9000004	325	325	325	325	325
326	23.9000004	326	326	326	326	326
327	23.6000016	327	327	327	327	327
328	23.2999992	328	328	328	328	328
329	20.4999984	329	329	329	329	329
330	17.4999996	330	330	330	330	330
331	16.8999984	331	331	331	331	331
332	16.7000004	332	332	332	332	332
333	15.9000012	333	333	333	333	333
334	15.5999988	334	334	334	334	334
335	15.0000012	335	335	335	335	335
336	14.5000008	336	336	336	336	336
337	14.2999992	337	337	337	337	337
338	14.5000008	338	338	338	338	338
339	15.4000008	339	339	339	339	339
340	17.7999984	340	340	340	340	340
341	21.0999996	341	341	341	341	341
342	24.0999984	342	342	342	342	342
343	24.9999984	343	343	343	343	343
344	25.3000008	344	344	344	344	344
345	25.4999988	345	345	345	345	345
346	26.3999988	346	346	346	346	346
347	26.6000004	347	347	347	347	347
348	27.1000008	348	348	348	348	348
349	27.6999984	349	349	349	349	349
350	28.1000016	350	350	350	350	350
351	28.1999988	351	351	351	351	351
352	28.1000016	352	352	352	352	352
353	28.0000008	353	353	353	353	353
354	27.9	354	354	354	354	354
355	27.9	355	355	355	355	355
356	28.1000016	356	356	356	356	356
357	28.1999988	357	357	357	357	357
358	28.0000008	358	358	358	358	358
359	26.8999992	359	359	359	359	359
360	24.9999984	360	360	360	360	360
361	23.1999984	361	361	361	361	361
362	21.8999988	362	362	362	362	362
363	21.0999996	363	363	363	363	363
364	20.7	364	364	364	364	364
365	20.7	365	365	365	365	365
366	20.8000008	366	366	366	366	366
367	21.2000004	367	367	367	367	367
368	22.1000004	368	368	368	368	368
369	23.5000008	369	369	369	369	369
370	24.3	370	370	370	370	370
371	24.5000016	371	371	371	371	371
372	23.7999996	372	372	372	372	372
373	21.3000012	373	373	373	373	373
374	17.7000012	374	374	374	374	374
375	14.4	375	375	375	375	375
376	11.9000016	376	376	376	376	376
377	10.1999988	377	377	377	377	377
378	8.8999992	378	378	378	378	378
379	7.9999992	379	379	379	379	379
380	7.2	380	380	380	380	380
381	6.0999984	381	381	381	381	381
382	4.8999996	382	382	382	382	382
383	3.7000008	383	383	383	383	383
384	2.30000004	384	384	384	384	384
385	0.9	385	385	385	385	385
386	0	386	386	386	386	386
387	0	387	387	387	387	387
388	0	388	388	388	388	388
389	0	389	389	389	389	389
390	0	390	390	390	390	390
391	0	391	391	391	391	391
392	0.50000004	392	392	392	392	392
393	2.09999988	393	393	393	393	393
394	4.7999988	394	394	394	394	394
395	8.3000016	395	395	395	395	395
396	12.3000012	396	396	396	396	396
397	16.5999996	397	397	397	397	397
398	20.9000016	398	398	398	398	398
399	24.1999992	399	399	399	399	399
400	25.5999996	400	400	400	400	400
401	25.5999996	401	401	401	401	401
402	24.9000012	402	402	402	402	402
403	23.2999992	403	403	403	403	403
404	21.6	404	404	404	404	404
405	20.1999996	405	405	405	405	405
406	18.6999984	406	406	406	406	406
407	16.9999992	407	407	407	407	407
408	15.3	408	408	408	408	408
409	14.1999984	409	409	409	409	409
410	13.8999996	410	410	410	410	410
411	14.0000004	411	411	411	411	411
412	14.1999984	412	412	412	412	412
413	14.5000008	413	413	413	413	413
414	14.9000004	414	414	414	414	414
415	15.9000012	415	415	415	415	415
416	17.3999988	416	416	416	416	416
417	18.6999984	417	417	417	417	417
418	19.1000016	418	418	418	418	418
419	18.7999992	419	419	419	419	419
420	17.6000004	420	420	420	420	420
421	16.5999996	421	421	421	421	421
422	16.2	422	422	422	422	422
423	16.4000016	423	423	423	423	423
424	17.2000008	424	424	424	424	424
425	19.1000016	425	425	425	425	425
426	22.6000008	426	426	426	426	426
427	27.3999996	427	427	427	427	427
428	31.6000008	428	428	428	428	428
429	33.4000008	429	429	429	429	429
430	33.5000016	430	430	430	430	430
431	32.7999996	431	431	431	431	431
432	31.8999996	432	432	432	432	432
433	31.2999984	433	433	433	433	433
434	31.1000004	434	434	434	434	434
435	30.6	435	435	435	435	435
436	29.1999996	436	436	436	436	436
437	26.7000012	437	437	437	437	437
438	23.0000004	438	438	438	438	438
439	18.2000016	439	439	439	439	439
440	12.8999988	440	440	440	440	440
441	7.7000004	441	441	441	441	441
442	3.8000016	442	442	442	442	442
443	1.29999996	443	443	443	443	443
444	0.200000016	444	444	444	444	444
445	0	445	445	445	445	445
446	0	446	446	446	446	446
447	0	447	447	447	447	447
448	0	448	448	448	448	448
449	0	449	449	449	449	449
450	0	450	450	450	450	450
451	0	451	451	451	451	451
452	0	452	452	452	452	452
453	0	453	453	453	453	453
454	0	454	454	454	454	454
455	0	455	455	455	455	455
456	0	456	456	456	456	456
457	0	457	457	457	457	457
458	0	458	458	458	458	458
459	0	459	459	459	459	459
460	0	460	460	460	460	460
461	0	461	461	461	461	461
462	0	462	462	462	462	462
463	0	463	463	463	463	463
464	0	464	464	464	464	464
465	0	465	465	465	465	465
466	0	466	466	466	466	466
467	0	467	467	467	467	467
468	0	468	468	468	468	468
469	0	469	469	469	469	469
470	0	470	470	470	470	470
471	0	471	471	471	471	471
472	0	472	472	472	472	472
473	0	473	473	473	473	473
474	0	474	474	474	474	474
475	0	475	475	475	475	475
476	0	476	476	476	476	476
477	0	477	477	477	477	477
478	0	478	478	478	478	478
479	0	479	479	479	479	479
480	0	480	480	480	480	480
481	0	481	481	481	481	481
482	0	482	482	482	482	482
483	0	483	483	483	483	483
484	0	484	484	484	484	484
485	0	485	485	485	485	485
486	0	486	486	486	486	486
487	0	487	487	487	487	487
488	0	488	488	488	488	488
489	0	489	489	489	489	489
490	0	490	490	490	490	490
491	0	491	491	491	491	491
492	0	492	492	492	492	492
493	0	493	493	493	493	493
494	0	494	494	494	494	494
495	0	495	495	495	495	495
496	0	496	496	496	496	496
497	0	497	497	497	497	497
498	0	498	498	498	498	498
499	0	499	499	499	499	499
500	0	500	500	500	500	500
501	0	501	501	501	501	501
502	0	502	502	502	502	502
503	0	503	503	503	503	503
504	0	504	504	504	504	504
505	0	505	505	505	505	505
506	0	506	506	506	506	506
507	0	507	507	507	507	507
508	0	508	508	508	508	508
509	0	509	509	509	509	509
510	0	510	510	510	510	510
511	0	511	511	511	511	511
512	0.50000004	512	512	512	512	512
513	2.49999984	513	513	513	513	513
514	6.5999988	514	514	514	514	514
515	11.8000008	515	515	515	515	515
516	16.8000012	516	516	516	516	516
517	20.4999984	517	517	517	517	517
518	21.8999988	518	518	518	518	518
519	21.8999988	519	519	519	519	519
520	21.3000012	520	520	520	520	520
521	20.3000004	521	521	521	521	521
522	19.1999988	522	522	522	522	522
523	17.7999984	523	523	523	523	523
524	15.5000016	524	524	524	524	524
525	11.9000016	525	525	525	525	525
526	7.5999996	526	526	526	526	526
527	3.9999996	527	527	527	527	527
528	2.00000016	528	528	528	528	528
529	1.00000008	529	529	529	529	529
530	0	530	530	530	530	530
531	0	531	531	531	531	531
532	0	532	532	532	532	532
533	0.200000016	533	533	533	533	533
534	1.19999988	534	534	534	534	534
535	3.20000004	535	535	535	535	535
536	5.1999984	536	536	536	536	536
537	8.2000008	537	537	537	537	537
538	12.9999996	538	538	538	538	538
539	18.7999992	539	539	539	539	539
540	23.1000012	540	540	540	540	540
541	24.5000016	541	541	541	541	541
542	24.5000016	542	542	542	542	542
543	24.3	543	543	543	543	543
544	23.6000016	544	544	544	544	544
545	22.2999984	545	545	545	545	545
546	20.0999988	546	546	546	546	546
547	18.5000004	547	547	547	547	547
548	17.2000008	548	548	548	548	548
549	16.3000008	549	549	549	549	549
550	15.4000008	550	550	550	550	550
551	14.6999988	551	551	551	551	551
552	14.2999992	552	552	552	552	552
553	13.7000016	553	553	553	553	553
554	13.2999984	554	554	554	554	554
555	13.1000004	555	555	555	555	555
556	13.1000004	556	556	556	556	556
557	13.2999984	557	557	557	557	557
558	13.7999988	558	558	558	558	558
559	14.5000008	559	559	559	559	559
560	16.4999988	560	560	560	560	560
561	16.9999992	561	561	561	561	561
562	16.9999992	562	562	562	562	562
563	16.9999992	563	563	563	563	563
564	15.4000008	564	564	564	564	564
565	10.1000016	565	565	565	565	565
566	4.7999988	566	566	566	566	566
567	0	567	567	567	567	567
568	0	568	568	568	568	568
569	0	569	569	569	569	569
570	0	570	570	570	570	570
571	0	571	571	571	571	571
572	0	572	572	572	572	572
573	0	573	573	573	573	573
574	0	574	574	574	574	574
575	0	575	575	575	575	575
576	0	576	576	576	576	576
577	0	577	577	577	577	577
578	0	578	578	578	578	578
579	0	579	579	579	579	579
580	0	580	580	580	580	580
581	0	581	581	581	581	581
582	0	582	582	582	582	582
583	0	583	583	583	583	583
584	0	584	584	584	584	584
585	0	585	585	585	585	585
586	0	586	586	586	586	586
587	0	587	587	587	587	587
588	0	588	588	588	588	588
589	0	589	589	589	589	589
590	0	590	590	590	590	590
591	0	591	591	591	591	591
592	0	592	592	592	592	592
593	0	593	593	593	593	593
594	0	594	594	594	594	594
595	0	595	595	595	595	595
596	0	596	596	596	596	596
597	0	597	597	597	597	597
598	0	598	598	598	598	598
599	0	599	599	599	599	599
600	0	600	600	600	600	600
601	1.00000008	601	601	601	601	601
602	2.09999988	602	602	602	602	602
603	4.7999988	603	603	603	603	603
604	9.1000008	604	604	604	604	604
605	14.1999984	605	605	605	605	605
606	19.8	606	606	606	606	606
607	25.4999988	607	607	607	607	607
608	30.4999992	608	608	608	608	608
609	34.8000012	609	609	609	609	609
610	38.800008	610	610	610	610	610
611	42.900012	611	611	611	611	611
612	46.400004	612	612	612	612	612
613	48.300012	613	613	613	613	613
614	48.700008	614	614	614	614	614
615	48.499992	615	615	615	615	615
616	48.399984	616	616	616	616	616
617	48.200004	617	617	617	617	617
618	47.800008	618	618	618	618	618
619	47.000016	619	619	619	619	619
620	45.9	620	620	620	620	620
621	44.899992	621	621	621	621	621
622	44.399988	622	622	622	622	622
623	44.300016	623	623	623	623	623
624	44.499996	624	624	624	624	624
625	45.100008	625	625	625	625	625
626	45.699984	626	626	626	626	626
627	46.000008	627	627	627	627	627
628	46.000008	628	628	628	628	628
629	46.000008	629	629	629	629	629
630	46.100016	630	630	630	630	630
631	46.699992	631	631	631	631	631
632	47.7	632	632	632	632	632
633	48.899988	633	633	633	633	633
634	50.299992	634	634	634	634	634
635	51.599988	635	635	635	635	635
636	52.599996	636	636	636	636	636
637	52.999992	637	637	637	637	637
638	52.999992	638	638	638	638	638
639	52.899984	639	639	639	639	639
640	52.700004	640	640	640	640	640
641	52.599996	641	641	641	641	641
642	53.1	642	642	642	642	642
643	54.299988	643	643	643	643	643
644	55.199988	644	644	644	644	644
645	55.500012	645	645	645	645	645
646	55.900008	646	646	646	646	646
647	56.300004	647	647	647	647	647
648	56.7	648	648	648	648	648
649	56.900016	649	649	649	649	649
650	56.800008	650	650	650	650	650
651	56.000016	651	651	651	651	651
652	54.200016	652	652	652	652	652
653	52.099992	653	653	653	653	653
654	50.100012	654	654	654	654	654
655	47.199996	655	655	655	655	655
656	43.2	656	656	656	656	656
657	39.200004	657	657	657	657	657
658	36.500004	658	658	658	658	658
659	34.3000008	659	659	659	659	659
660	30.9999996	660	660	660	660	660
661	25.9999992	661	661	661	661	661
662	20.7	662	662	662	662	662
663	15.4000008	663	663	663	663	663
664	13.1000004	664	664	664	664	664
665	11.9999988	665	665	665	665	665
666	12.4999992	666	666	666	666	666
667	14.0000004	667	667	667	667	667
668	19.0000008	668	668	668	668	668
669	23.1999984	669	669	669	669	669
670	28.0000008	670	670	670	670	670
671	32.0000004	671	671	671	671	671
672	33.9999984	672	672	672	672	672
673	36	673	673	673	673	673
674	38.000016	674	674	674	674	674
675	39.999996	675	675	675	675	675
676	40.299984	676	676	676	676	676
677	40.5	677	677	677	677	677
678	38.999988	678	678	678	678	678
679	35.7000012	679	679	679	679	679
680	31.7999988	680	680	680	680	680
681	27.1000008	681	681	681	681	681
682	22.7999988	682	682	682	682	682
683	21.0999996	683	683	683	683	683
684	18.9	684	684	684	684	684
685	18.9	685	685	685	685	685
686	21.3000012	686	686	686	686	686
687	23.9000004	687	687	687	687	687
688	25.8999984	688	688	688	688	688
689	28.4000004	689	689	689	689	689
690	30.3000012	690	690	690	690	690
691	30.8999988	691	691	691	691	691
692	31.1000004	692	692	692	692	692
693	31.7999988	693	693	693	693	693
694	32.6999988	694	694	694	694	694
695	33.1999992	695	695	695	695	695
696	32.4	696	696	696	696	696
697	28.2999996	697	697	697	697	697
698	25.8000012	698	698	698	698	698
699	23.1000012	699	699	699	699	699
700	21.8000016	700	700	700	700	700
701	21.2000004	701	701	701	701	701
702	20.9999988	702	702	702	702	702
703	20.9999988	703	703	703	703	703
704	20.9000016	704	704	704	704	704
705	19.9000008	705	705	705	705	705
706	17.8999992	706	706	706	706	706
707	15.0999984	707	707	707	707	707
708	12.8000016	708	708	708	708	708
709	11.9999988	709	709	709	709	709
710	13.2000012	710	710	710	710	710
711	17.1	711	711	711	711	711
712	21.0999996	712	712	712	712	712
713	21.8000016	713	713	713	713	713
714	21.2000004	714	714	714	714	714
715	18.5000004	715	715	715	715	715
716	13.8999996	716	716	716	716	716
717	11.9999988	717	717	717	717	717
718	11.9999988	718	718	718	718	718
719	12.9999996	719	719	719	719	719
720	15.9999984	720	720	720	720	720
721	18.5000004	721	721	721	721	721
722	20.5999992	722	722	722	722	722
723	22.5	723	723	723	723	723
724	24.0000012	724	724	724	724	724
725	26.6000004	725	725	725	725	725
726	29.9000016	726	726	726	726	726
727	34.8000012	727	727	727	727	727
728	37.8	728	728	728	728	728
729	40.200012	729	729	729	729	729
730	41.600016	730	730	730	730	730
731	41.900004	731	731	731	731	731
732	42.000012	732	732	732	732	732
733	42.199992	733	733	733	733	733
734	42.400008	734	734	734	734	734
735	42.699996	735	735	735	735	735
736	43.099992	736	736	736	736	736
737	43.700004	737	737	737	737	737
738	43.999992	738	738	738	738	738
739	44.1	739	739	739	739	739
740	45.299988	740	740	740	740	740
741	46.400004	741	741	741	741	741
742	47.199996	742	742	742	742	742
743	47.300004	743	743	743	743	743
744	47.400012	744	744	744	744	744
745	47.400012	745	745	745	745	745
746	47.499984	746	746	746	746	746
747	47.900016	747	747	747	747	747
748	48.6	748	748	748	748	748
749	49.399992	749	749	749	749	749
750	49.799988	750	750	750	750	750
751	49.799988	751	751	751	751	751
752	49.700016	752	752	752	752	752
753	49.299984	753	753	753	753	753
754	48.499992	754	754	754	754	754
755	47.599992	755	755	755	755	755
756	46.299996	756	756	756	756	756
757	43.700004	757	757	757	757	757
758	39.300012	758	758	758	758	758
759	34.0999992	759	759	759	759	759
760	29.0000016	760	760	760	760	760
761	23.6999988	761	761	761	761	761
762	18.3999996	762	762	762	762	762
763	14.2999992	763	763	763	763	763
764	11.9999988	764	764	764	764	764
765	12.8000016	765	765	765	765	765
766	15.9999984	766	766	766	766	766
767	19.1000016	767	767	767	767	767
768	22.3999992	768	768	768	768	768
769	25.5999996	769	769	769	769	769
770	30.0999996	770	770	770	770	770
771	35.3000016	771	771	771	771	771
772	39.899988	772	772	772	772	772
773	44.499996	773	773	773	773	773
774	47.499984	774	774	774	774	774
775	50.900004	775	775	775	775	775
776	54.100008	776	776	776	776	776
777	56.300004	777	777	777	777	777
778	58.100004	778	778	778	778	778
779	59.799996	779	779	779	779	779
780	61.099992	780	780	780	780	780
781	62.1	781	781	781	781	781
782	62.799984	782	782	782	782	782
783	63.299988	783	783	783	783	783
784	63.600012	784	784	784	784	784
785	64.000008	785	785	785	785	785
786	64.699992	786	786	786	786	786
787	65.199996	787	787	787	787	787
788	65.300004	788	788	788	788	788
789	65.300004	789	789	789	789	789
790	65.400012	790	790	790	790	790
791	65.7	791	791	791	791	791
792	65.999988	792	792	792	792	792
793	65.599992	793	793	793	793	793
794	63.500004	794	794	794	794	794
795	59.699988	795	795	795	795	795
796	54.600012	796	796	796	796	796
797	49.299984	797	797	797	797	797
798	44.899992	798	798	798	798	798
799	42.3	799	799	799	799	799
800	41.4	800	800	800	800	800
801	41.299992	801	801	801	801	801
802	42.099984	802	802	802	802	802
803	44.700012	803	803	803	803	803
804	48.399984	804	804	804	804	804
805	51.400008	805	805	805	805	805
806	52.700004	806	806	806	806	806
807	52.999992	807	807	807	807	807
808	52.499988	808	808	808	808	808
809	51.3	809	809	809	809	809
810	49.700016	810	810	810	810	810
811	47.400012	811	811	811	811	811
812	43.700004	812	812	812	812	812
813	39.700008	813	813	813	813	813
814	35.4999996	814	814	814	814	814
815	31.1000004	815	815	815	815	815
816	26.3000016	816	816	816	816	816
817	21.8999988	817	817	817	817	817
818	18	818	818	818	818	818
819	16.9999992	819	819	819	819	819
820	18	820	820	820	820	820
821	21.3999984	821	821	821	821	821
822	24.8000004	822	822	822	822	822
823	27.9	823	823	823	823	823
824	30.8000016	824	824	824	824	824
825	33.0000012	825	825	825	825	825
826	35.1	826	826	826	826	826
827	37.100016	827	827	827	827	827
828	38.900016	828	828	828	828	828
829	41.4	829	829	829	829	829
830	43.999992	830	830	830	830	830
831	46.299996	831	831	831	831	831
832	47.7	832	832	832	832	832
833	48.200004	833	833	833	833	833
834	48.700008	834	834	834	834	834
835	49.299984	835	835	835	835	835
836	49.799988	836	836	836	836	836
837	50.199984	837	837	837	837	837
838	50.900004	838	838	838	838	838
839	51.800004	839	839	839	839	839
840	52.499988	840	840	840	840	840
841	53.300016	841	841	841	841	841
842	54.500004	842	842	842	842	842
843	55.699992	843	843	843	843	843
844	56.499984	844	844	844	844	844
845	56.800008	845	845	845	845	845
846	56.999988	846	846	846	846	846
847	57.200004	847	847	847	847	847
848	57.700008	848	848	848	848	848
849	58.700016	849	849	849	849	849
850	60.099984	850	850	850	850	850
851	61.099992	851	851	851	851	851
852	61.700004	852	852	852	852	852
853	62.300016	853	853	853	853	853
854	62.899992	854	854	854	854	854
855	63.299988	855	855	855	855	855
856	63.399996	856	856	856	856	856
857	63.500004	857	857	857	857	857
858	64.500012	858	858	858	858	858
859	65.800008	859	859	859	859	859
860	66.800016	860	860	860	860	860
861	67.399992	861	861	861	861	861
862	68.799996	862	862	862	862	862
863	71.1	863	863	863	863	863
864	72.299988	864	864	864	864	864
865	72.799992	865	865	865	865	865
866	73.400004	866	866	866	866	866
867	74.599992	867	867	867	867	867
868	75.999996	868	868	868	868	868
869	76.600008	869	869	869	869	869
870	76.5	870	870	870	870	870
871	76.200012	871	871	871	871	871
872	75.800016	872	872	872	872	872
873	75.399984	873	873	873	873	873
874	74.800008	874	874	874	874	874
875	73.900008	875	875	875	875	875
876	72.699984	876	876	876	876	876
877	71.300016	877	877	877	877	877
878	70.400016	878	878	878	878	878
879	69.999984	879	879	879	879	879
880	69.999984	880	880	880	880	880
881	69.000012	881	881	881	881	881
882	68.000004	882	882	882	882	882
883	68.000004	883	883	883	883	883
884	68.000004	884	884	884	884	884
885	68.100012	885	885	885	885	885
886	68.4	886	886	886	886	886
887	68.600016	887	887	887	887	887
888	68.699988	888	888	888	888	888
889	68.500008	889	889	889	889	889
890	68.100012	890	890	890	890	890
891	67.299984	891	891	891	891	891
892	66.200004	892	892	892	892	892
893	64.8	893	893	893	893	893
894	63.600012	894	894	894	894	894
895	62.600004	895	895	895	895	895
896	62.1	896	896	896	896	896
897	61.899984	897	897	897	897	897
898	61.899984	898	898	898	898	898
899	61.800012	899	899	899	899	899
900	61.499988	900	900	900	900	900
901	60.900012	901	901	901	901	901
902	59.699988	902	902	902	902	902
903	54.600012	903	903	903	903	903
904	49.299984	904	904	904	904	904
905	44.899992	905	905	905	905	905
906	42.3	906	906	906	906	906
907	41.4	907	907	907	907	907
908	41.299992	908	908	908	908	908
909	42.099984	909	909	909	909	909
910	44.700012	910	910	910	910	910
911	48.399984	911	911	911	911	911
912	51.400008	912	912	912	912	912
913	52.700004	913	913	913	913	913
914	54	914	914	914	914	914
915	56.999988	915	915	915	915	915
916	58.100004	916	916	916	916	916
917	59.199984	917	917	917	917	917
918	59.000004	918	918	918	918	918
919	59.100012	919	919	919	919	919
920	59.500008	920	920	920	920	920
921	60.500016	921	921	921	921	921
922	62.300016	922	922	922	922	922
923	63.9	923	923	923	923	923
924	65.099988	924	924	924	924	924
925	64.100016	925	925	925	925	925
926	62.700012	926	926	926	926	926
927	61.999992	927	927	927	927	927
928	61.300008	928	928	928	928	928
929	60.900012	929	929	929	929	929
930	60.500016	930	930	930	930	930
931	60.199992	931	931	931	931	931
932	59.799996	932	932	932	932	932
933	59.4	933	933	933	933	933
934	58.600008	934	934	934	934	934
935	57.499992	935	935	935	935	935
936	56.599992	936	936	936	936	936
937	56.000016	937	937	937	937	937
938	55.500012	938	938	938	938	938
939	55.000008	939	939	939	939	939
940	54.399996	940	940	940	940	940
941	54.100008	941	941	941	941	941
942	54	942	942	942	942	942
943	53.899992	943	943	943	943	943
944	53.899992	944	944	944	944	944
945	54	945	945	945	945	945
946	54.200016	946	946	946	946	946
947	55.000008	947	947	947	947	947
948	55.8	948	948	948	948	948
949	56.199996	949	949	949	949	949
950	56.099988	950	950	950	950	950
951	55.100016	951	951	951	951	951
952	52.700004	952	952	952	952	952
953	48.399984	953	953	953	953	953
954	43.099992	954	954	954	954	954
955	37.8	955	955	955	955	955
956	32.5000008	956	956	956	956	956
957	27.2000016	957	957	957	957	957
958	25.0999992	958	958	958	958	958
959	25.9999992	959	959	959	959	959
960	29.3000004	960	960	960	960	960
961	34.5999996	961	961	961	961	961
962	40.399992	962	962	962	962	962
963	45.299988	963	963	963	963	963
964	48.999996	964	964	964	964	964
965	51.099984	965	965	965	965	965
966	52.099992	966	966	966	966	966
967	52.2	967	967	967	967	967
968	52.099992	968	968	968	968	968
969	51.699996	969	969	969	969	969
970	50.900004	970	970	970	970	970
971	49.200012	971	971	971	971	971
972	45.9	972	972	972	972	972
973	40.600008	973	973	973	973	973
974	35.3000016	974	974	974	974	974
975	29.9999988	975	975	975	975	975
976	24.6999996	976	976	976	976	976
977	19.2999996	977	977	977	977	977
978	15.9999984	978	978	978	978	978
979	13.2000012	979	979	979	979	979
980	10.6999992	980	980	980	980	980
981	8.7999984	981	981	981	981	981
982	7.2	982	982	982	982	982
983	5.5000008	983	983	983	983	983
984	3.20000004	984	984	984	984	984
985	1.10000016	985	985	985	985	985
986	0	986	986	986	986	986
987	0	987	987	987	987	987
988	0	988	988	988	988	988
989	0	989	989	989	989	989
990	0	990	990	990	990	990
991	0	991	991	991	991	991
992	0	992	992	992	992	992
993	0	993	993	993	993	993
994	0	994	994	994	994	994
995	0	995	995	995	995	995
996	0	996	996	996	996	996
997	0	997	997	997	997	997
998	0	998	998	998	998	998
999	0	999	999	999	999	999
1000	0	1000	1000	1000	1000	1000
1001	0	1001	1001	1001	1001	1001
1002	0	1002	1002	1002	1002	1002
1003	0	1003	1003	1003	1003	1003
1004	0	1004	1004	1004	1004	1004
1005	0	1005	1005	1005	1005	1005
1006	0	1006	1006	1006	1006	1006
1007	0	1007	1007	1007	1007	1007
1008	0	1008	1008	1008	1008	1008
1009	0	1009	1009	1009	1009	1009
1010	0	1010	1010	1010	1010	1010
1011	0	1011	1011	1011	1011	1011
1012	0	1012	1012	1012	1012	1012
1013	0	1013	1013	1013	1013	1013
1014	0	1014	1014	1014	1014	1014
1015	0	1015	1015	1015	1015	1015
1016	0	1016	1016	1016	1016	1016
1017	0	1017	1017	1017	1017	1017
1018	0	1018	1018	1018	1018	1018
1019	0	1019	1019	1019	1019	1019
1020	0	1020	1020	1020	1020	1020
1021	0	1021	1021	1021	1021	1021
1022	0	1022	1022	1022	1022	1022
1023	0	1023	1023	1023	1023	1023
1024	0	1024	1024	1024	1024	1024
1025	0	1025	1025	1025	1025	1025
1026	0	1026	1026	1026	1026	1026
1027	0.79999992	1027	1027	1027	1027	1027
1028	3.6	1028	1028	1028	1028	1028
1029	8.6000004	1029	1029	1029	1029	1029
1030	14.6000016	1030	1030	1030	1030	1030
1031	20.0000016	1031	1031	1031	1031	1031
1032	24.4000008	1032	1032	1032	1032	1032
1033	28.1999988	1033	1033	1033	1033	1033
1034	31.7000016	1034	1034	1034	1034	1034
1035	34.9999992	1035	1035	1035	1035	1035
1036	37.599984	1036	1036	1036	1036	1036
1037	39.700008	1037	1037	1037	1037	1037
1038	41.500008	1038	1038	1038	1038	1038
1039	43.599996	1039	1039	1039	1039	1039
1040	46.000008	1040	1040	1040	1040	1040
1041	48.399984	1041	1041	1041	1041	1041
1042	50.500008	1042	1042	1042	1042	1042
1043	51.900012	1043	1043	1043	1043	1043
1044	52.599996	1044	1044	1044	1044	1044
1045	52.800012	1045	1045	1045	1045	1045
1046	52.899984	1046	1046	1046	1046	1046
1047	53.1	1047	1047	1047	1047	1047
1048	53.300016	1048	1048	1048	1048	1048
1049	53.1	1049	1049	1049	1049	1049
1050	52.300008	1050	1050	1050	1050	1050
1051	50.699988	1051	1051	1051	1051	1051
1052	48.800016	1052	1052	1052	1052	1052
1053	46.500012	1053	1053	1053	1053	1053
1054	43.800012	1054	1054	1054	1054	1054
1055	40.299984	1055	1055	1055	1055	1055
1056	36	1056	1056	1056	1056	1056
1057	30.7000008	1057	1057	1057	1057	1057
1058	25.4000016	1058	1058	1058	1058	1058
1059	20.9999988	1059	1059	1059	1059	1059
1060	16.7000004	1060	1060	1060	1060	1060
1061	13.3999992	1061	1061	1061	1061	1061
1062	11.9999988	1062	1062	1062	1062	1062
1063	12.0999996	1063	1063	1063	1063	1063
1064	12.8000016	1064	1064	1064	1064	1064
1065	15.5999988	1065	1065	1065	1065	1065
1066	19.9000008	1066	1066	1066	1066	1066
1067	23.4	1067	1067	1067	1067	1067
1068	24.5999988	1068	1068	1068	1068	1068
1069	25.2	1069	1069	1069	1069	1069
1070	26.3999988	1070	1070	1070	1070	1070
1071	28.8	1071	1071	1071	1071	1071
1072	31.7999988	1072	1072	1072	1072	1072
1073	35.3000016	1073	1073	1073	1073	1073
1074	39.499992	1074	1074	1074	1074	1074
1075	44.499996	1075	1075	1075	1075	1075
1076	49.299984	1076	1076	1076	1076	1076
1077	53.300016	1077	1077	1077	1077	1077
1078	56.400012	1078	1078	1078	1078	1078
1079	58.899996	1079	1079	1079	1079	1079
1080	61.2	1080	1080	1080	1080	1080
1081	62.600004	1081	1081	1081	1081	1081
1082	63	1082	1082	1082	1082	1082
1083	62.499996	1083	1083	1083	1083	1083
1084	60.900012	1084	1084	1084	1084	1084
1085	59.299992	1085	1085	1085	1085	1085
1086	58.600008	1086	1086	1086	1086	1086
1087	58.600008	1087	1087	1087	1087	1087
1088	58.700016	1088	1088	1088	1088	1088
1089	58.799988	1089	1089	1089	1089	1089
1090	58.799988	1090	1090	1090	1090	1090
1091	58.799988	1091	1091	1091	1091	1091
1092	59.100012	1092	1092	1092	1092	1092
1093	60.099984	1093	1093	1093	1093	1093
1094	61.700004	1094	1094	1094	1094	1094
1095	63	1095	1095	1095	1095	1095
1096	63.699984	1096	1096	1096	1096	1096
1097	63.9	1097	1097	1097	1097	1097
1098	63.500004	1098	1098	1098	1098	1098
1099	62.300016	1099	1099	1099	1099	1099
1100	60.3	1100	1100	1100	1100	1100
1101	58.899996	1101	1101	1101	1101	1101
1102	58.399992	1102	1102	1102	1102	1102
1103	58.799988	1103	1103	1103	1103	1103
1104	60.199992	1104	1104	1104	1104	1104
1105	62.300016	1105	1105	1105	1105	1105
1106	63.9	1106	1106	1106	1106	1106
1107	64.500012	1107	1107	1107	1107	1107
1108	64.400004	1108	1108	1108	1108	1108
1109	63.500004	1109	1109	1109	1109	1109
1110	61.999992	1110	1110	1110	1110	1110
1111	61.2	1111	1111	1111	1111	1111
1112	61.300008	1112	1112	1112	1112	1112
1113	62.600004	1113	1113	1113	1113	1113
1114	65.300004	1114	1114	1114	1114	1114
1115	68.000004	1115	1115	1115	1115	1115
1116	69.400008	1116	1116	1116	1116	1116
1117	69.699996	1117	1117	1117	1117	1117
1118	69.3	1118	1118	1118	1118	1118
1119	68.100012	1119	1119	1119	1119	1119
1120	66.899988	1120	1120	1120	1120	1120
1121	66.200004	1121	1121	1121	1121	1121
1122	65.7	1122	1122	1122	1122	1122
1123	64.900008	1123	1123	1123	1123	1123
1124	63.200016	1124	1124	1124	1124	1124
1125	60.3	1125	1125	1125	1125	1125
1126	55.8	1126	1126	1126	1126	1126
1127	50.500008	1127	1127	1127	1127	1127
1128	45.200016	1128	1128	1128	1128	1128
1129	40.100004	1129	1129	1129	1129	1129
1130	36.200016	1130	1130	1130	1130	1130
1131	32.9000004	1131	1131	1131	1131	1131
1132	29.8000008	1132	1132	1132	1132	1132
1133	26.6000004	1133	1133	1133	1133	1133
1134	23.0000004	1134	1134	1134	1134	1134
1135	19.4000004	1135	1135	1135	1135	1135
1136	16.3000008	1136	1136	1136	1136	1136
1137	14.6000016	1137	1137	1137	1137	1137
1138	14.1999984	1138	1138	1138	1138	1138
1139	14.2999992	1139	1139	1139	1139	1139
1140	14.6000016	1140	1140	1140	1140	1140
1141	15.0999984	1141	1141	1141	1141	1141
1142	16.4000016	1142	1142	1142	1142	1142
1143	19.1000016	1143	1143	1143	1143	1143
1144	22.5	1144	1144	1144	1144	1144
1145	24.4000008	1145	1145	1145	1145	1145
1146	24.8000004	1146	1146	1146	1146	1146
1147	22.7000016	1147	1147	1147	1147	1147
1148	17.3999988	1148	1148	1148	1148	1148
1149	13.7999988	1149	1149	1149	1149	1149
1150	11.9999988	1150	1150	1150	1150	1150
1151	11.9999988	1151	1151	1151	1151	1151
1152	11.9999988	1152	1152	1152	1152	1152
1153	13.8999996	1153	1153	1153	1153	1153
1154	17.7000012	1154	1154	1154	1154	1154
1155	22.7999988	1155	1155	1155	1155	1155
1156	27.2999988	1156	1156	1156	1156	1156
1157	31.2000012	1157	1157	1157	1157	1157
1158	35.2000008	1158	1158	1158	1158	1158
1159	39.399984	1159	1159	1159	1159	1159
1160	42.500016	1160	1160	1160	1160	1160
1161	45.399996	1161	1161	1161	1161	1161
1162	48.200004	1162	1162	1162	1162	1162
1163	50.299992	1163	1163	1163	1163	1163
1164	52.599996	1164	1164	1164	1164	1164
1165	54.500004	1165	1165	1165	1165	1165
1166	56.599992	1166	1166	1166	1166	1166
1167	58.299984	1167	1167	1167	1167	1167
1168	60.000012	1168	1168	1168	1168	1168
1169	61.499988	1169	1169	1169	1169	1169
1170	63.100008	1170	1170	1170	1170	1170
1171	64.299996	1171	1171	1171	1171	1171
1172	65.7	1172	1172	1172	1172	1172
1173	67.100004	1173	1173	1173	1173	1173
1174	68.299992	1174	1174	1174	1174	1174
1175	69.699996	1175	1175	1175	1175	1175
1176	70.599996	1176	1176	1176	1176	1176
1177	71.600004	1177	1177	1177	1177	1177
1178	72.600012	1178	1178	1178	1178	1178
1179	73.500012	1179	1179	1179	1179	1179
1180	74.199996	1180	1180	1180	1180	1180
1181	74.900016	1181	1181	1181	1181	1181
1182	75.6	1182	1182	1182	1182	1182
1183	76.299984	1183	1183	1183	1183	1183
1184	77.100012	1184	1184	1184	1184	1184
1185	77.900004	1185	1185	1185	1185	1185
1186	78.500016	1186	1186	1186	1186	1186
1187	78.999984	1187	1187	1187	1187	1187
1188	79.700004	1188	1188	1188	1188	1188
1189	80.300016	1189	1189	1189	1189	1189
1190	81	1190	1190	1190	1190	1190
1191	81.600012	1191	1191	1191	1191	1191
1192	82.400004	1192	1192	1192	1192	1192
1193	82.900008	1193	1193	1193	1193	1193
1194	83.400012	1194	1194	1194	1194	1194
1195	83.800008	1195	1195	1195	1195	1195
1196	84.200004	1196	1196	1196	1196	1196
1197	84.700008	1197	1197	1197	1197	1197
1198	85.200012	1198	1198	1198	1198	1198
1199	85.600008	1199	1199	1199	1199	1199
1200	86.299992	1200	1200	1200	1200	1200
1201	86.799996	1201	1201	1201	1201	1201
1202	87.400008	1202	1202	1202	1202	1202
1203	87.999984	1203	1203	1203	1203	1203
1204	88.300008	1204	1204	1204	1204	1204
1205	88.700004	1205	1205	1205	1205	1205
1206	88.999992	1206	1206	1206	1206	1206
1207	89.300016	1207	1207	1207	1207	1207
1208	89.799984	1208	1208	1208	1208	1208
1209	90.200016	1209	1209	1209	1209	1209
1210	90.600012	1210	1210	1210	1210	1210
1211	91.000008	1211	1211	1211	1211	1211
1212	91.299996	1212	1212	1212	1212	1212
1213	91.599984	1213	1213	1213	1213	1213
1214	91.900008	1214	1214	1214	1214	1214
1215	92.199996	1215	1215	1215	1215	1215
1216	92.800008	1216	1216	1216	1216	1216
1217	93.099996	1217	1217	1217	1217	1217
1218	93.300012	1218	1218	1218	1218	1218
1219	93.499992	1219	1219	1219	1219	1219
1220	93.700008	1220	1220	1220	1220	1220
1221	93.899988	1221	1221	1221	1221	1221
1222	93.999996	1222	1222	1222	1222	1222
1223	94.100004	1223	1223	1223	1223	1223
1224	94.299984	1224	1224	1224	1224	1224
1225	94.399992	1225	1225	1225	1225	1225
1226	94.600008	1226	1226	1226	1226	1226
1227	94.700016	1227	1227	1227	1227	1227
1228	94.799988	1228	1228	1228	1228	1228
1229	95.000004	1229	1229	1229	1229	1229
1230	95.100012	1230	1230	1230	1230	1230
1231	95.299992	1231	1231	1231	1231	1231
1232	95.4	1232	1232	1232	1232	1232
1233	95.600016	1233	1233	1233	1233	1233
1234	95.699988	1234	1234	1234	1234	1234
1235	95.799996	1235	1235	1235	1235	1235
1236	96.000012	1236	1236	1236	1236	1236
1237	96.099984	1237	1237	1237	1237	1237
1238	96.3	1238	1238	1238	1238	1238
1239	96.400008	1239	1239	1239	1239	1239
1240	96.599988	1240	1240	1240	1240	1240
1241	96.800004	1241	1241	1241	1241	1241
1242	96.999984	1242	1242	1242	1242	1242
1243	97.2	1243	1243	1243	1243	1243
1244	97.300008	1244	1244	1244	1244	1244
1245	97.400016	1245	1245	1245	1245	1245
1246	97.400016	1246	1246	1246	1246	1246
1247	97.400016	1247	1247	1247	1247	1247
1248	97.400016	1248	1248	1248	1248	1248
1249	97.300008	1249	1249	1249	1249	1249
1250	97.300008	1250	1250	1250	1250	1250
1251	97.300008	1251	1251	1251	1251	1251
1252	97.300008	1252	1252	1252	1252	1252
1253	97.2	1253	1253	1253	1253	1253
1254	97.099992	1254	1254	1254	1254	1254
1255	96.999984	1255	1255	1255	1255	1255
1256	96.900012	1256	1256	1256	1256	1256
1257	96.699996	1257	1257	1257	1257	1257
1258	96.400008	1258	1258	1258	1258	1258
1259	96.099984	1259	1259	1259	1259	1259
1260	95.699988	1260	1260	1260	1260	1260
1261	95.500008	1261	1261	1261	1261	1261
1262	95.299992	1262	1262	1262	1262	1262
1263	95.199984	1263	1263	1263	1263	1263
1264	95.000004	1264	1264	1264	1264	1264
1265	94.899996	1265	1265	1265	1265	1265
1266	94.700016	1266	1266	1266	1266	1266
1267	94.5	1267	1267	1267	1267	1267
1268	94.399992	1268	1268	1268	1268	1268
1269	94.399992	1269	1269	1269	1269	1269
1270	94.299984	1270	1270	1270	1270	1270
1271	94.299984	1271	1271	1271	1271	1271
1272	94.100004	1272	1272	1272	1272	1272
1273	93.899988	1273	1273	1273	1273	1273
1274	93.399984	1274	1274	1274	1274	1274
1275	92.800008	1275	1275	1275	1275	1275
1276	92.000016	1276	1276	1276	1276	1276
1277	91.299996	1277	1277	1277	1277	1277
1278	90.600012	1278	1278	1278	1278	1278
1279	90	1279	1279	1279	1279	1279
1280	89.300016	1280	1280	1280	1280	1280
1281	88.700004	1281	1281	1281	1281	1281
1282	88.099992	1282	1282	1282	1282	1282
1283	87.400008	1283	1283	1283	1283	1283
1284	86.699988	1284	1284	1284	1284	1284
1285	86.000004	1285	1285	1285	1285	1285
1286	85.299984	1286	1286	1286	1286	1286
1287	84.700008	1287	1287	1287	1287	1287
1288	84.099996	1288	1288	1288	1288	1288
1289	83.499984	1289	1289	1289	1289	1289
1290	82.900008	1290	1290	1290	1290	1290
1291	82.299996	1291	1291	1291	1291	1291
1292	81.699984	1292	1292	1292	1292	1292
1293	81.100008	1293	1293	1293	1293	1293
1294	80.499996	1294	1294	1294	1294	1294
1295	79.899984	1295	1295	1295	1295	1295
1296	79.400016	1296	1296	1296	1296	1296
1297	79.099992	1297	1297	1297	1297	1297
1298	78.800004	1298	1298	1298	1298	1298
1299	78.500016	1299	1299	1299	1299	1299
1300	78.199992	1300	1300	1300	1300	1300
1301	77.900004	1301	1301	1301	1301	1301
1302	77.600016	1302	1302	1302	1302	1302
1303	77.299992	1303	1303	1303	1303	1303
1304	77.000004	1304	1304	1304	1304	1304
1305	76.700016	1305	1305	1305	1305	1305
1306	75.999996	1306	1306	1306	1306	1306
1307	75.999996	1307	1307	1307	1307	1307
1308	75.999996	1308	1308	1308	1308	1308
1309	75.899988	1309	1309	1309	1309	1309
1310	75.899988	1310	1310	1310	1310	1310
1311	75.800016	1311	1311	1311	1311	1311
1312	75.700008	1312	1312	1312	1312	1312
1313	75.499992	1313	1313	1313	1313	1313
1314	75.200004	1314	1314	1314	1314	1314
1315	74.999988	1315	1315	1315	1315	1315
1316	74.7	1316	1316	1316	1316	1316
1317	74.099988	1317	1317	1317	1317	1317
1318	73.699992	1318	1318	1318	1318	1318
1319	73.299996	1319	1319	1319	1319	1319
1320	73.500012	1320	1320	1320	1320	1320
1321	74.000016	1321	1321	1321	1321	1321
1322	74.900016	1322	1322	1322	1322	1322
1323	76.100004	1323	1323	1323	1323	1323
1324	77.699988	1324	1324	1324	1324	1324
1325	79.2	1325	1325	1325	1325	1325
1326	80.300016	1326	1326	1326	1326	1326
1327	80.799984	1327	1327	1327	1327	1327
1328	81	1328	1328	1328	1328	1328
1329	81	1329	1329	1329	1329	1329
1330	81	1330	1330	1330	1330	1330
1331	81	1331	1331	1331	1331	1331
1332	81	1332	1332	1332	1332	1332
1333	80.899992	1333	1333	1333	1333	1333
1334	80.600004	1334	1334	1334	1334	1334
1335	80.300016	1335	1335	1335	1335	1335
1336	79.999992	1336	1336	1336	1336	1336
1337	79.899984	1337	1337	1337	1337	1337
1338	79.800012	1338	1338	1338	1338	1338
1339	79.800012	1339	1339	1339	1339	1339
1340	79.800012	1340	1340	1340	1340	1340
1341	79.899984	1341	1341	1341	1341	1341
1342	79.999992	1342	1342	1342	1342	1342
1343	80.399988	1343	1343	1343	1343	1343
1344	80.799984	1344	1344	1344	1344	1344
1345	81.200016	1345	1345	1345	1345	1345
1346	81.500004	1346	1346	1346	1346	1346
1347	81.600012	1347	1347	1347	1347	1347
1348	81.600012	1348	1348	1348	1348	1348
1349	81.399996	1349	1349	1349	1349	1349
1350	80.700012	1350	1350	1350	1350	1350
1351	79.599996	1351	1351	1351	1351	1351
1352	78.199992	1352	1352	1352	1352	1352
1353	76.799988	1353	1353	1353	1353	1353
1354	75.300012	1354	1354	1354	1354	1354
1355	73.8	1355	1355	1355	1355	1355
1356	72.100008	1356	1356	1356	1356	1356
1357	70.2	1357	1357	1357	1357	1357
1358	68.199984	1358	1358	1358	1358	1358
1359	66.099996	1359	1359	1359	1359	1359
1360	63.799992	1360	1360	1360	1360	1360
1361	61.599996	1361	1361	1361	1361	1361
1362	60.199992	1362	1362	1362	1362	1362
1363	59.799996	1363	1363	1363	1363	1363
1364	60.400008	1364	1364	1364	1364	1364
1365	61.800012	1365	1365	1365	1365	1365
1366	62.600004	1366	1366	1366	1366	1366
1367	62.700012	1367	1367	1367	1367	1367
1368	61.899984	1368	1368	1368	1368	1368
1369	60.000012	1369	1369	1369	1369	1369
1370	58.399992	1370	1370	1370	1370	1370
1371	57.800016	1371	1371	1371	1371	1371
1372	57.800016	1372	1372	1372	1372	1372
1373	57.800016	1373	1373	1373	1373	1373
1374	57.300012	1374	1374	1374	1374	1374
1375	56.199996	1375	1375	1375	1375	1375
1376	54.299988	1376	1376	1376	1376	1376
1377	50.799996	1377	1377	1377	1377	1377
1378	45.500004	1378	1378	1378	1378	1378
1379	40.200012	1379	1379	1379	1379	1379
1380	34.8999984	1380	1380	1380	1380	1380
1381	29.5999992	1381	1381	1381	1381	1381
1382	27.2999988	1382	1382	1382	1382	1382
1383	29.3000004	1383	1383	1383	1383	1383
1384	32.9000004	1384	1384	1384	1384	1384
1385	35.6000004	1385	1385	1385	1385	1385
1386	36.699984	1386	1386	1386	1386	1386
1387	37.599984	1387	1387	1387	1387	1387
1388	39.399984	1388	1388	1388	1388	1388
1389	42.500016	1389	1389	1389	1389	1389
1390	46.500012	1390	1390	1390	1390	1390
1391	50.199984	1391	1391	1391	1391	1391
1392	52.800012	1392	1392	1392	1392	1392
1393	54.299988	1393	1393	1393	1393	1393
1394	54.9	1394	1394	1394	1394	1394
1395	54.9	1395	1395	1395	1395	1395
1396	54.699984	1396	1396	1396	1396	1396
1397	54.100008	1397	1397	1397	1397	1397
1398	53.200008	1398	1398	1398	1398	1398
1399	52.099992	1399	1399	1399	1399	1399
1400	50.699988	1400	1400	1400	1400	1400
1401	49.100004	1401	1401	1401	1401	1401
1402	47.400012	1402	1402	1402	1402	1402
1403	45.200016	1403	1403	1403	1403	1403
1404	41.799996	1404	1404	1404	1404	1404
1405	36.500004	1405	1405	1405	1405	1405
1406	31.2000012	1406	1406	1406	1406	1406
1407	27.6000012	1407	1407	1407	1407	1407
1408	26.8999992	1408	1408	1408	1408	1408
1409	27.2999988	1409	1409	1409	1409	1409
1410	27.5000004	1410	1410	1410	1410	1410
1411	27.3999996	1411	1411	1411	1411	1411
1412	27.1000008	1412	1412	1412	1412	1412
1413	26.7000012	1413	1413	1413	1413	1413
1414	26.7999984	1414	1414	1414	1414	1414
1415	28.1999988	1415	1415	1415	1415	1415
1416	31.1000004	1416	1416	1416	1416	1416
1417	34.8000012	1417	1417	1417	1417	1417
1418	38.400012	1418	1418	1418	1418	1418
1419	40.899996	1419	1419	1419	1419	1419
1420	41.699988	1420	1420	1420	1420	1420
1421	40.899996	1421	1421	1421	1421	1421
1422	38.300004	1422	1422	1422	1422	1422
1423	35.3000016	1423	1423	1423	1423	1423
1424	34.3000008	1424	1424	1424	1424	1424
1425	34.5999996	1425	1425	1425	1425	1425
1426	36.299988	1426	1426	1426	1426	1426
1427	39.499992	1427	1427	1427	1427	1427
1428	41.799996	1428	1428	1428	1428	1428
1429	42.500016	1429	1429	1429	1429	1429
1430	41.900004	1430	1430	1430	1430	1430
1431	40.100004	1431	1431	1431	1431	1431
1432	36.600012	1432	1432	1432	1432	1432
1433	31.2999984	1433	1433	1433	1433	1433
1434	25.9999992	1434	1434	1434	1434	1434
1435	20.5999992	1435	1435	1435	1435	1435
1436	19.1000016	1436	1436	1436	1436	1436
1437	19.6999992	1437	1437	1437	1437	1437
1438	21.0999996	1438	1438	1438	1438	1438
1439	21.9999996	1439	1439	1439	1439	1439
1440	22.1000004	1440	1440	1440	1440	1440
1441	21.3999984	1441	1441	1441	1441	1441
1442	19.5999984	1442	1442	1442	1442	1442
1443	18.2999988	1443	1443	1443	1443	1443
1444	18	1444	1444	1444	1444	1444
1445	18.2999988	1445	1445	1445	1445	1445
1446	18.5000004	1446	1446	1446	1446	1446
1447	17.8999992	1447	1447	1447	1447	1447
1448	15.0000012	1448	1448	1448	1448	1448
1449	9.9	1449	1449	1449	1449	1449
1450	4.6000008	1450	1450	1450	1450	1450
1451	1.19999988	1451	1451	1451	1451	1451
1452	0	1452	1452	1452	1452	1452
1453	0	1453	1453	1453	1453	1453
1454	0	1454	1454	1454	1454	1454
1455	0	1455	1455	1455	1455	1455
1456	0	1456	1456	1456	1456	1456
1457	0	1457	1457	1457	1457	1457
1458	0	1458	1458	1458	1458	1458
1459	0	1459	1459	1459	1459	1459
1460	0	1460	1460	1460	1460	1460
1461	0	1461	1461	1461	1461	1461
1462	0	1462	1462	1462	1462	1462
1463	0	1463	1463	1463	1463	1463
1464	0	1464	1464	1464	1464	1464
1465	0	1465	1465	1465	1465	1465
1466	0	1466	1466	1466	1466	1466
1467	0	1467	1467	1467	1467	1467
1468	0	1468	1468	1468	1468	1468
1469	0	1469	1469	1469	1469	1469
1470	0	1470	1470	1470	1470	1470
1471	0	1471	1471	1471	1471	1471
1472	0	1472	1472	1472	1472	1472
1473	0	1473	1473	1473	1473	1473
1474	0	1474	1474	1474	1474	1474
1475	0	1475	1475	1475	1475	1475
1476	0	1476	1476	1476	1476	1476
1477	0	1477	1477	1477	1477	1477
1478	0	1478	1478	1478	1478	1478
1479	2.19999996	1479	1479	1479	1479	1479
1480	4.3999992	1480	1480	1480	1480	1480
1481	6.3	1481	1481	1481	1481	1481
1482	7.8999984	1482	1482	1482	1482	1482
1483	9.2000016	1483	1483	1483	1483	1483
1484	10.4000004	1484	1484	1484	1484	1484
1485	11.4999984	1485	1485	1485	1485	1485
1486	12.8999988	1486	1486	1486	1486	1486
1487	14.6999988	1487	1487	1487	1487	1487
1488	16.9999992	1488	1488	1488	1488	1488
1489	19.8	1489	1489	1489	1489	1489
1490	23.1000012	1490	1490	1490	1490	1490
1491	26.7000012	1491	1491	1491	1491	1491
1492	30.4999992	1492	1492	1492	1492	1492
1493	34.0999992	1493	1493	1493	1493	1493
1494	37.500012	1494	1494	1494	1494	1494
1495	40.600008	1495	1495	1495	1495	1495
1496	43.300008	1496	1496	1496	1496	1496
1497	45.699984	1497	1497	1497	1497	1497
1498	47.7	1498	1498	1498	1498	1498
1499	49.299984	1499	1499	1499	1499	1499
1500	50.500008	1500	1500	1500	1500	1500
1501	51.3	1501	1501	1501	1501	1501
1502	52.099992	1502	1502	1502	1502	1502
1503	52.700004	1503	1503	1503	1503	1503
1504	53.399988	1504	1504	1504	1504	1504
1505	54	1505	1505	1505	1505	1505
1506	54.500004	1506	1506	1506	1506	1506
1507	55.000008	1507	1507	1507	1507	1507
1508	55.599984	1508	1508	1508	1508	1508
1509	56.300004	1509	1509	1509	1509	1509
1510	57.200004	1510	1510	1510	1510	1510
1511	58.5	1511	1511	1511	1511	1511
1512	60.199992	1512	1512	1512	1512	1512
1513	62.300016	1513	1513	1513	1513	1513
1514	64.699992	1514	1514	1514	1514	1514
1515	67.100004	1515	1515	1515	1515	1515
1516	69.199992	1516	1516	1516	1516	1516
1517	70.700004	1517	1517	1517	1517	1517
1518	71.899992	1518	1518	1518	1518	1518
1519	72.699984	1519	1519	1519	1519	1519
1520	73.400004	1520	1520	1520	1520	1520
1521	73.8	1521	1521	1521	1521	1521
1522	74.099988	1522	1522	1522	1522	1522
1523	74.000016	1523	1523	1523	1523	1523
1524	73.599984	1524	1524	1524	1524	1524
1525	72.500004	1525	1525	1525	1525	1525
1526	70.800012	1526	1526	1526	1526	1526
1527	68.600016	1527	1527	1527	1527	1527
1528	66.200004	1528	1528	1528	1528	1528
1529	64.000008	1529	1529	1529	1529	1529
1530	62.200008	1530	1530	1530	1530	1530
1531	60.900012	1531	1531	1531	1531	1531
1532	60.199992	1532	1532	1532	1532	1532
1533	60.000012	1533	1533	1533	1533	1533
1534	60.400008	1534	1534	1534	1534	1534
1535	61.400016	1535	1535	1535	1535	1535
1536	63.200016	1536	1536	1536	1536	1536
1537	65.599992	1537	1537	1537	1537	1537
1538	68.4	1538	1538	1538	1538	1538
1539	71.600004	1539	1539	1539	1539	1539
1540	74.900016	1540	1540	1540	1540	1540
1541	78.400008	1541	1541	1541	1541	1541
1542	81.799992	1542	1542	1542	1542	1542
1543	84.899988	1543	1543	1543	1543	1543
1544	87.400008	1544	1544	1544	1544	1544
1545	88.999992	1545	1545	1545	1545	1545
1546	90	1546	1546	1546	1546	1546
1547	90.600012	1547	1547	1547	1547	1547
1548	91.000008	1548	1548	1548	1548	1548
1549	91.500012	1549	1549	1549	1549	1549
1550	92.000016	1550	1550	1550	1550	1550
1551	92.7	1551	1551	1551	1551	1551
1552	93.399984	1552	1552	1552	1552	1552
1553	94.200012	1553	1553	1553	1553	1553
1554	94.899996	1554	1554	1554	1554	1554
1555	95.699988	1555	1555	1555	1555	1555
1556	96.599988	1556	1556	1556	1556	1556
1557	97.700004	1557	1557	1557	1557	1557
1558	98.899992	1558	1558	1558	1558	1558
1559	100.400004	1559	1559	1559	1559	1559
1560	101.999988	1560	1560	1560	1560	1560
1561	103.600008	1561	1561	1561	1561	1561
1562	105.199992	1562	1562	1562	1562	1562
1563	106.800012	1563	1563	1563	1563	1563
1564	108.500004	1564	1564	1564	1564	1564
1565	110.199996	1565	1565	1565	1565	1565
1566	111.899988	1566	1566	1566	1566	1566
1567	113.699988	1567	1567	1567	1567	1567
1568	115.300008	1568	1568	1568	1568	1568
1569	116.799984	1569	1569	1569	1569	1569
1570	118.199988	1570	1570	1570	1570	1570
1571	119.499984	1571	1571	1571	1571	1571
1572	120.700008	1572	1572	1572	1572	1572
1573	121.799988	1573	1573	1573	1573	1573
1574	122.600016	1574	1574	1574	1574	1574
1575	123.199992	1575	1575	1575	1575	1575
1576	123.599988	1576	1576	1576	1576	1576
1577	123.699996	1577	1577	1577	1577	1577
1578	123.599988	1578	1578	1578	1578	1578
1579	123.3	1579	1579	1579	1579	1579
1580	123.000012	1580	1580	1580	1580	1580
1581	122.500008	1581	1581	1581	1581	1581
1582	122.100012	1582	1582	1582	1582	1582
1583	121.5	1583	1583	1583	1583	1583
1584	120.800016	1584	1584	1584	1584	1584
1585	119.999988	1585	1585	1585	1585	1585
1586	119.099988	1586	1586	1586	1586	1586
1587	118.100016	1587	1587	1587	1587	1587
1588	117.100008	1588	1588	1588	1588	1588
1589	116.200008	1589	1589	1589	1589	1589
1590	115.499988	1590	1590	1590	1590	1590
1591	114.900012	1591	1591	1591	1591	1591
1592	114.500016	1592	1592	1592	1592	1592
1593	114.099984	1593	1593	1593	1593	1593
1594	113.900004	1594	1594	1594	1594	1594
1595	113.699988	1595	1595	1595	1595	1595
1596	113.299992	1596	1596	1596	1596	1596
1597	112.899996	1597	1597	1597	1597	1597
1598	112.200012	1598	1598	1598	1598	1598
1599	111.399984	1599	1599	1599	1599	1599
1600	110.499984	1600	1600	1600	1600	1600
1601	109.500012	1601	1601	1601	1601	1601
1602	108.500004	1602	1602	1602	1602	1602
1603	107.700012	1603	1603	1603	1603	1603
1604	107.1	1604	1604	1604	1604	1604
1605	106.599996	1605	1605	1605	1605	1605
1606	106.400016	1606	1606	1606	1606	1606
1607	106.2	1607	1607	1607	1607	1607
1608	106.2	1608	1608	1608	1608	1608
1609	106.2	1609	1609	1609	1609	1609
1610	106.400016	1610	1610	1610	1610	1610
1611	106.499988	1611	1611	1611	1611	1611
1612	106.800012	1612	1612	1612	1612	1612
1613	107.200008	1613	1613	1613	1613	1613
1614	107.799984	1614	1614	1614	1614	1614
1615	108.500004	1615	1615	1615	1615	1615
1616	109.400004	1616	1616	1616	1616	1616
1617	110.499984	1617	1617	1617	1617	1617
1618	111.700008	1618	1618	1618	1618	1618
1619	113.000004	1619	1619	1619	1619	1619
1620	114.099984	1620	1620	1620	1620	1620
1621	115.099992	1621	1621	1621	1621	1621
1622	115.899984	1622	1622	1622	1622	1622
1623	116.499996	1623	1623	1623	1623	1623
1624	116.700012	1624	1624	1624	1624	1624
1625	116.600004	1625	1625	1625	1625	1625
1626	116.200008	1626	1626	1626	1626	1626
1627	115.2	1627	1627	1627	1627	1627
1628	113.799996	1628	1628	1628	1628	1628
1629	111.999996	1629	1629	1629	1629	1629
1630	110.099988	1630	1630	1630	1630	1630
1631	108.299988	1631	1631	1631	1631	1631
1632	106.999992	1632	1632	1632	1632	1632
1633	106.099992	1633	1633	1633	1633	1633
1634	105.800004	1634	1634	1634	1634	1634
1635	105.699996	1635	1635	1635	1635	1635
1636	105.699996	1636	1636	1636	1636	1636
1637	105.599988	1637	1637	1637	1637	1637
1638	105.3	1638	1638	1638	1638	1638
1639	104.900004	1639	1639	1639	1639	1639
1640	104.4	1640	1640	1640	1640	1640
1641	104.000004	1641	1641	1641	1641	1641
1642	103.799988	1642	1642	1642	1642	1642
1643	103.899996	1643	1643	1643	1643	1643
1644	104.4	1644	1644	1644	1644	1644
1645	105.099984	1645	1645	1645	1645	1645
1646	106.099992	1646	1646	1646	1646	1646
1647	107.200008	1647	1647	1647	1647	1647
1648	108.500004	1648	1648	1648	1648	1648
1649	109.900008	1649	1649	1649	1649	1649
1650	111.300012	1650	1650	1650	1650	1650
1651	112.700016	1651	1651	1651	1651	1651
1652	113.900004	1652	1652	1652	1652	1652
1653	114.999984	1653	1653	1653	1653	1653
1654	115.999992	1654	1654	1654	1654	1654
1655	116.799984	1655	1655	1655	1655	1655
1656	117.600012	1656	1656	1656	1656	1656
1657	118.400004	1657	1657	1657	1657	1657
1658	119.199996	1658	1658	1658	1658	1658
1659	119.999988	1659	1659	1659	1659	1659
1660	120.800016	1660	1660	1660	1660	1660
1661	121.600008	1661	1661	1661	1661	1661
1662	122.299992	1662	1662	1662	1662	1662
1663	123.099984	1663	1663	1663	1663	1663
1664	123.800004	1664	1664	1664	1664	1664
1665	124.400016	1665	1665	1665	1665	1665
1666	124.999992	1666	1666	1666	1666	1666
1667	125.399988	1667	1667	1667	1667	1667
1668	125.799984	1668	1668	1668	1668	1668
1669	126.100008	1669	1669	1669	1669	1669
1670	126.399996	1670	1670	1670	1670	1670
1671	126.600012	1671	1671	1671	1671	1671
1672	126.699984	1672	1672	1672	1672	1672
1673	126.799992	1673	1673	1673	1673	1673
1674	126.9	1674	1674	1674	1674	1674
1675	126.9	1675	1675	1675	1675	1675
1676	126.9	1676	1676	1676	1676	1676
1677	126.799992	1677	1677	1677	1677	1677
1678	126.600012	1678	1678	1678	1678	1678
1679	126.299988	1679	1679	1679	1679	1679
1680	126	1680	1680	1680	1680	1680
1681	125.700012	1681	1681	1681	1681	1681
1682	125.600004	1682	1682	1682	1682	1682
1683	125.600004	1683	1683	1683	1683	1683
1684	125.799984	1684	1684	1684	1684	1684
1685	126.200016	1685	1685	1685	1685	1685
1686	126.600012	1686	1686	1686	1686	1686
1687	127.000008	1687	1687	1687	1687	1687
1688	127.400004	1688	1688	1688	1688	1688
1689	127.599984	1689	1689	1689	1689	1689
1690	127.8	1690	1690	1690	1690	1690
1691	127.900008	1691	1691	1691	1691	1691
1692	128.000016	1692	1692	1692	1692	1692
1693	128.099988	1693	1693	1693	1693	1693
1694	128.199996	1694	1694	1694	1694	1694
1695	128.300004	1695	1695	1695	1695	1695
1696	128.400012	1696	1696	1696	1696	1696
1697	128.499984	1697	1697	1697	1697	1697
1698	128.599992	1698	1698	1698	1698	1698
1699	128.599992	1699	1699	1699	1699	1699
1700	128.499984	1700	1700	1700	1700	1700
1701	128.300004	1701	1701	1701	1701	1701
1702	128.099988	1702	1702	1702	1702	1702
1703	127.900008	1703	1703	1703	1703	1703
1704	127.599984	1704	1704	1704	1704	1704
1705	127.400004	1705	1705	1705	1705	1705
1706	127.199988	1706	1706	1706	1706	1706
1707	127.000008	1707	1707	1707	1707	1707
1708	126.9	1708	1708	1708	1708	1708
1709	126.799992	1709	1709	1709	1709	1709
1710	126.699984	1710	1710	1710	1710	1710
1711	126.799992	1711	1711	1711	1711	1711
1712	126.9	1712	1712	1712	1712	1712
1713	127.100016	1713	1713	1713	1713	1713
1714	127.400004	1714	1714	1714	1714	1714
1715	127.699992	1715	1715	1715	1715	1715
1716	128.099988	1716	1716	1716	1716	1716
1717	128.499984	1717	1717	1717	1717	1717
1718	128.999988	1718	1718	1718	1718	1718
1719	129.499992	1719	1719	1719	1719	1719
1720	130.100004	1720	1720	1720	1720	1720
1721	130.600008	1721	1721	1721	1721	1721
1722	131.000004	1722	1722	1722	1722	1722
1723	131.199984	1723	1723	1723	1723	1723
1724	131.299992	1724	1724	1724	1724	1724
1725	131.199984	1725	1725	1725	1725	1725
1726	130.700016	1726	1726	1726	1726	1726
1727	129.800016	1727	1727	1727	1727	1727
1728	128.400012	1728	1728	1728	1728	1728
1729	126.500004	1729	1729	1729	1729	1729
1730	124.099992	1730	1730	1730	1730	1730
1731	121.600008	1731	1731	1731	1731	1731
1732	119.000016	1732	1732	1732	1732	1732
1733	116.499996	1733	1733	1733	1733	1733
1734	114.099984	1734	1734	1734	1734	1734
1735	111.800016	1735	1735	1735	1735	1735
1736	109.500012	1736	1736	1736	1736	1736
1737	107.1	1737	1737	1737	1737	1737
1738	104.799996	1738	1738	1738	1738	1738
1739	102.499992	1739	1739	1739	1739	1739
1740	100.400004	1740	1740	1740	1740	1740
1741	98.600004	1741	1741	1741	1741	1741
1742	97.2	1742	1742	1742	1742	1742
1743	95.900004	1743	1743	1743	1743	1743
1744	94.799988	1744	1744	1744	1744	1744
1745	93.800016	1745	1745	1745	1745	1745
1746	92.800008	1746	1746	1746	1746	1746
1747	91.8	1747	1747	1747	1747	1747
1748	91.000008	1748	1748	1748	1748	1748
1749	90.200016	1749	1749	1749	1749	1749
1750	89.600004	1750	1750	1750	1750	1750
1751	89.1	1751	1751	1751	1751	1751
1752	88.599996	1752	1752	1752	1752	1752
1753	88.099992	1753	1753	1753	1753	1753
1754	87.599988	1754	1754	1754	1754	1754
1755	87.099984	1755	1755	1755	1755	1755
1756	86.600016	1756	1756	1756	1756	1756
1757	86.100012	1757	1757	1757	1757	1757
1758	85.5	1758	1758	1758	1758	1758
1759	84.999996	1759	1759	1759	1759	1759
1760	84.399984	1760	1760	1760	1760	1760
1761	83.800008	1761	1761	1761	1761	1761
1762	83.199996	1762	1762	1762	1762	1762
1763	82.599984	1763	1763	1763	1763	1763
1764	82.000008	1764	1764	1764	1764	1764
1765	81.299988	1765	1765	1765	1765	1765
1766	80.399988	1766	1766	1766	1766	1766
1767	79.099992	1767	1767	1767	1767	1767
1768	77.4	1768	1768	1768	1768	1768
1769	75.099996	1769	1769	1769	1769	1769
1770	72.299988	1770	1770	1770	1770	1770
1771	69.099984	1771	1771	1771	1771	1771
1772	65.900016	1772	1772	1772	1772	1772
1773	62.700012	1773	1773	1773	1773	1773
1774	59.699988	1774	1774	1774	1774	1774
1775	56.999988	1775	1775	1775	1775	1775
1776	54.600012	1776	1776	1776	1776	1776
1777	52.2	1777	1777	1777	1777	1777
1778	49.700016	1778	1778	1778	1778	1778
1779	46.8	1779	1779	1779	1779	1779
1780	43.499988	1780	1780	1780	1780	1780
1781	39.899988	1781	1781	1781	1781	1781
1782	36.399996	1782	1782	1782	1782	1782
1783	33.1999992	1783	1783	1783	1783	1783
1784	30.4999992	1784	1784	1784	1784	1784
1785	28.2999996	1785	1785	1785	1785	1785
1786	26.3000016	1786	1786	1786	1786	1786
1787	24.4000008	1787	1787	1787	1787	1787
1788	22.5	1788	1788	1788	1788	1788
1789	20.4999984	1789	1789	1789	1789	1789
1790	18.2000016	1790	1790	1790	1790	1790
1791	15.5000016	1791	1791	1791	1791	1791
1792	12.3000012	1792	1792	1792	1792	1792
1793	8.7000012	1793	1793	1793	1793	1793
1794	5.1999984	1794	1794	1794	1794	1794
1795	0	1795	1795	1795	1795	1795
1796	0	1796	1796	1796	1796	1796
1797	0	1797	1797	1797	1797	1797
1798	0	1798	1798	1798	1798	1798
1799	0	1799	1799	1799	1799	1799
1800	0	1800	1800	1800	1800	1800